-0.303331583738327 -0.233467698097229
-0.2927420735359192 -0.15596948564052582
-0.27413156628608704 -0.07600411772727966
-0.2593475580215454 0.0007681772112846375
-0.23581907153129578 0.08137907832860947
-0.19255167245864868 0.1481340229511261
-0.13532105088233948 0.2038843035697937
-0.06805747002363205 0.24654272198677063
0.019405052065849304 0.2546466886997223
0.3265819847583771 -0.2844737470149994
0.32591888308525085 -0.20606783032417297
0.3201008439064026 -0.12412900477647781
0.3144366443157196 -0.04574782773852348
0.29549098014831543 0.03825075179338455
0.2432161569595337 0.11261963099241257
0.18111205101013184 0.17802658677101135
0.1129712238907814 0.2316981852054596
-0.2598797678947449 -0.31481245160102844
-0.24004164338111877 -0.3338385820388794
-0.19487902522087097 -0.3469902276992798
-0.15954212844371796 -0.3452047109603882
-0.10769272595643997 -0.3362177312374115
0.00960732251405716 -0.3468177020549774
0.061776503920555115 -0.3639221787452698
0.10131721943616867 -0.3716222643852234
0.15790408849716187 -0.36651837825775146
0.18842813372612 -0.3514263927936554
-0.04102310910820961 -0.2670649290084839
-0.039631668478250504 -0.2162145972251892
-0.04007062315940857 -0.16453418135643005
-0.03915104269981384 -0.10569751262664795
-0.08614125847816467 -0.05491805821657181
-0.05807076767086983 -0.052395183593034744
-0.02641167864203453 -0.048068370670080185
0.006891876459121704 -0.05765453726053238
0.03809083253145218 -0.06505139172077179
-0.2151382863521576 -0.23495230078697205
-0.20378583669662476 -0.24206718802452087
-0.1784401834011078 -0.24663186073303223
-0.14726132154464722 -0.24776050448417664
-0.11646721512079239 -0.2383313775062561
-0.13856452703475952 -0.23524385690689087
-0.16416260600090027 -0.22999557852745056
-0.18897226452827454 -0.22930997610092163
0.04985576868057251 -0.251802921295166
0.06622543185949326 -0.26347416639328003
0.09400001913309097 -0.2688547968864441
0.12553390860557556 -0.27008354663848877
0.15456527471542358 -0.2649274170398712
0.1234506145119667 -0.2546200752258301
0.0968899354338646 -0.2511388063430786
0.07148075103759766 -0.2522624433040619
-0.11389538645744324 0.06512745469808578
-0.04827549308538437 0.018069162964820862
-0.09267351776361465 0.03604593127965927
-0.10865690559148788 0.06198366731405258
-0.06910214573144913 0.05240192264318466
0.09590766578912735 0.046984054148197174
0.0015379749238491058 0.01383092999458313
0.0566081777215004 0.023342572152614594
0.08959364145994186 0.044777028262615204
0.038133010268211365 0.043131373822689056
-0.02340156026184559 0.02199704200029373
-0.018049370497465134 0.050268061459064484
0.040446922183036804 0.05117339640855789
0.06491007655858994 0.08550301939249039
0.02552839368581772 0.10056950896978378
-0.07054953277111053 0.060900814831256866
-0.0844009518623352 0.09845524281263351
-0.048431023955345154 0.10711487382650375
-0.017524361610412598 0.059963397681713104
-0.011984145268797874 0.10500424355268478
