-0.20474007725715637 -0.268522173166275
-0.19697806239128113 -0.19082148373126984
-0.18260139226913452 -0.10959465801715851
-0.17002439498901367 -0.03243817389011383
-0.14566102623939514 0.04790972173213959
-0.09365737438201904 0.1127336323261261
-0.030290022492408752 0.16876181960105896
0.04052555561065674 0.2137988805770874
0.13412050902843475 0.22540783882141113
0.43853750824928284 -0.28223657608032227
0.4348083436489105 -0.20429421961307526
0.42424193024635315 -0.12253983318805695
0.4158458411693573 -0.044976845383644104
0.39665839076042175 0.03624339401721954
0.3511892557144165 0.10304197669029236
0.29287177324295044 0.16170603036880493
0.22555701434612274 0.2097836136817932
-0.10753002762794495 -0.36760014295578003
-0.08167213201522827 -0.3875850737094879
-0.02926197648048401 -0.4006659686565399
0.009437300264835358 -0.39810019731521606
0.06310754269361496 -0.3868800401687622
0.18353502452373505 -0.38926300406455994
0.2362411916255951 -0.402813196182251
0.2739555239677429 -0.40704137086868286
0.3252486288547516 -0.3962045907974243
0.35067373514175415 -0.37733206152915955
0.12474481761455536 -0.31153035163879395
0.12640230357646942 -0.261530339717865
0.1282726377248764 -0.2118726670742035
0.13027189671993256 -0.15463194251060486
0.06638786196708679 -0.1010010838508606
0.09698450565338135 -0.0977640151977539
0.1304248720407486 -0.09223908185958862
0.16320598125457764 -0.0992237776517868
0.1930646449327469 -0.10383424162864685
-0.06575420498847961 -0.2854270339012146
-0.049208953976631165 -0.2951361835002899
-0.020956620573997498 -0.2996317446231842
0.010934144258499146 -0.29836714267730713
0.03947927802801132 -0.2840616703033447
0.01575426757335663 -0.28100720047950745
-0.010776922106742859 -0.27754607796669006
-0.037083253264427185 -0.2784150242805481
0.2092171311378479 -0.2876892685890198
0.22892925143241882 -0.300739586353302
0.25859159231185913 -0.3056843876838684
0.28926992416381836 -0.3042370676994324
0.3130781650543213 -0.29351168870925903
0.28573623299598694 -0.2853110134601593
0.2598593533039093 -0.2833213210105896
0.23314571380615234 -0.2856521010398865
0.02525217831134796 0.02099992334842682
0.1070152223110199 -0.028147980570793152
0.05638381093740463 -0.010722845792770386
0.031153663992881775 0.01803739368915558
0.07802911847829819 0.007497057318687439
0.23863503336906433 0.015418171882629395
0.1577325016260147 -0.029432155191898346
0.20821356773376465 -0.014503806829452515
0.23263554275035858 0.012729361653327942
0.1870465874671936 0.0046945661306381226
0.13260778784751892 -0.02300858497619629
0.13275161385536194 0.0071703046560287476
0.18915385007858276 0.01493680477142334
0.20920619368553162 0.0515366792678833
0.17145150899887085 0.06345342099666595
0.07630160450935364 0.01794058084487915
0.05715292692184448 0.055464744567871094
0.09599503874778748 0.06549146771430969
0.13304740190505981 0.019217073917388916
0.13377049565315247 0.06540191173553467
