-0.568425714969635 0.02589094638824463
-0.5238426923751831 0.15984371304512024
-0.4607754945755005 0.2932114899158478
-0.4068068861961365 0.42605629563331604
-0.3416854739189148 0.5617364645004272
-0.254992812871933 0.6702439785003662
-0.15150493383407593 0.7649673223495483
-0.028679929673671722 0.8329890370368958
0.13000307977199554 0.8273522853851318
0.46755319833755493 -0.2684306800365448
0.4962214231491089 -0.12998950481414795
0.5162476301193237 0.015611246228218079
0.5354956984519958 0.1588059961795807
0.532108724117279 0.31500229239463806
0.46318209171295166 0.4704422950744629
0.3857147693634033 0.6180211305618286
0.29314345121383667 0.7472214698791504
-0.5722818970680237 -0.09347942471504211
-0.5491307377815247 -0.13007354736328125
-0.47550225257873535 -0.1633845567703247
-0.41378623247146606 -0.1721431016921997
-0.32607191801071167 -0.1741737723350525
-0.1536448895931244 -0.22927811741828918
-0.07168544083833694 -0.2739851772785187
-0.0026913434267044067 -0.3017808794975281
0.10618767142295837 -0.3195626735687256
0.17112918198108673 -0.3071504831314087
-0.1985154151916504 -0.07722553610801697
-0.18322625756263733 0.01261092722415924
-0.16710540652275085 0.11665801703929901
-0.14298115670681 0.23547233641147614
-0.19555987417697906 0.31517547369003296
-0.14759938418865204 0.31499534845352173
-0.09060841053724289 0.3149871230125427
-0.03476393222808838 0.2837763726711273
0.018790408968925476 0.2559306025505066
-0.48085927963256836 -0.0003206878900527954
-0.4648837447166443 -0.031194746494293213
-0.422918438911438 -0.050164878368377686
-0.36573654413223267 -0.056621164083480835
-0.31113848090171814 -0.033762574195861816
-0.35314321517944336 -0.005850285291671753
-0.39823031425476074 0.013135358691215515
-0.4398861527442932 0.0161551833152771
-0.03688753396272659 -0.11144664883613586
-0.01981893926858902 -0.14834806323051453
0.02133864164352417 -0.17553764581680298
0.07874740660190582 -0.18968263268470764
0.14956389367580414 -0.1794232726097107
0.10819225013256073 -0.13965561985969543
0.06364291906356812 -0.11864683032035828
0.0136423259973526 -0.1098666787147522
-0.18786075711250305 0.5219935774803162
-0.10953058302402496 0.4380062222480774
-0.17474597692489624 0.4775727689266205
-0.17920799553394318 0.514659583568573
-0.12799328565597534 0.4940014183521271
0.1604418009519577 0.4297633767127991
-0.02031145989894867 0.41321608424186707
0.08209000527858734 0.4081108570098877
0.14822788536548615 0.4284103810787201
0.05698837339878082 0.4452410340309143
-0.06325575709342957 0.4370177984237671
-0.040912143886089325 0.4773541986942291
0.06541876494884491 0.4649183750152588
0.1210654228925705 0.5131053328514099
0.06025557219982147 0.5552003383636475
-0.11841686069965363 0.5124952793121338
-0.12994122505187988 0.5768686532974243
-0.07111692428588867 0.5869581699371338
-0.03216373175382614 0.49953222274780273
-0.006496444344520569 0.5757865309715271
