-0.5328267216682434 -0.0723910927772522
-0.5018036365509033 0.06208936125040054
-0.45313066244125366 0.1979004144668579
-0.4132305383682251 0.3302344083786011
-0.3626813292503357 0.4664897918701172
-0.2858491539955139 0.5769708156585693
-0.1896677017211914 0.6799073815345764
-0.0726291611790657 0.7585027813911438
0.08300289511680603 0.7647232413291931
0.5111780166625977 -0.2648939788341522
0.5261664390563965 -0.12748831510543823
0.531586229801178 0.016316726803779602
0.5370694994926453 0.1567668914794922
0.5192488431930542 0.30695825815200806
0.44011157751083374 0.4487931430339813
0.3516508936882019 0.5847730040550232
0.24884922802448273 0.7027948498725891
-0.508565366268158 -0.19433322548866272
-0.4805501699447632 -0.22859832644462585
-0.4023595452308655 -0.2544301450252533
-0.33930259943008423 -0.25589197874069214
-0.25241878628730774 -0.2473609745502472
-0.08189016580581665 -0.28887394070625305
0.00226447731256485 -0.3264678120613098
0.07184536755084991 -0.34871211647987366
0.17850489914417267 -0.3567420244216919
0.23930494487285614 -0.33791759610176086
-0.14098984003067017 -0.14685529470443726
-0.1338806003332138 -0.06055460870265961
-0.1265304684638977 0.04188540577888489
-0.1136949434876442 0.16041991114616394
-0.18069304525852203 0.23102693259716034
-0.13256478309631348 0.23521006107330322
-0.07499934732913971 0.24042908847332
-0.015736736357212067 0.21636074781417847
0.0397486686706543 0.19484290480613708
-0.43493765592575073 -0.10025641322135925
-0.41847842931747437 -0.13559266924858093
-0.3767554759979248 -0.15263423323631287
-0.31769585609436035 -0.15196728706359863
-0.2587515413761139 -0.11556455492973328
-0.31028175354003906 -0.08304101228713989
-0.3602960705757141 -0.07066814601421356
-0.40067577362060547 -0.0752880722284317
0.017254754900932312 -0.16644325852394104
0.03816370666027069 -0.2095049023628235
0.0817098468542099 -0.23707088828086853
0.13946031033992767 -0.24436751008033752
0.20904017984867096 -0.21885281801223755
0.17498789727687836 -0.1798402965068817
0.1305464804172516 -0.16024965047836304
0.07684198021888733 -0.15424272418022156
-0.2012825310230255 0.4252326190471649
-0.11096867173910141 0.34387582540512085
-0.18156373500823975 0.3784526586532593
-0.19107991456985474 0.41860517859458923
-0.13880407810211182 0.39680421352386475
0.1645442694425583 0.360065758228302
-0.018234863877296448 0.32719436287879944
0.08877328038215637 0.33039039373397827
0.15258203446865082 0.3573301434516907
0.05606567859649658 0.3614235520362854
-0.06422337889671326 0.34662073850631714
-0.04901714622974396 0.3844396471977234
0.06316450238227844 0.39063721895217896
0.11141422390937805 0.4393317699432373
0.044770583510398865 0.4749511480331421
-0.12722159922122955 0.4254927337169647
-0.14531119167804718 0.4844479560852051
-0.0882822573184967 0.4978744089603424
-0.039423272013664246 0.417609840631485
-0.023823358118534088 0.4912562966346741
